0 1
0 2
0 3
4 4
5 4
6 7
6 8
9 3
10 9
11 12
11 9
11 13
11 14
15 16
15 17
15 0
15 18
15 9
15 11
15 19
15 20
15 21
15 22
15 23
15 24
15 25
15 26
15 27
15 28
15 29
15 30
15 31
15 32
15 4
16 1
13 14
1 15
1 1
1 14
14 3
12 1
18 1
18 14
18 3
33 34
35 33
35 36
35 37
35 38
35 39
35 34
35 40
35 41
42 43
19 1
20 1
44 7
45 46
47 48
47 49
47 39
50 44
51 52
21 1
21 9
53 5
54 55
56 55
56 57
58 55
58 59
58 60
61 55
61 62
61 59
63 55
63 57
64 65
64 66
64 67
64 68
55 55
55 60
62 55
57 55
57 65
69 55
69 57
60 70
60 62
60 55
71 55
72 65
73 74
75 73
75 76
76 77
78 79
78 80
49 81
49 78
82 5
83 84
22 1
22 14
85 80
85 86
85 87
88 89
88 90
88 88
88 91
86 92
90 93
94 7
94 8
94 95
96 7
96 97
98 85
99 88
100 60
100 96
100 101
102 103
104 102
103 102
105 103
106 7
106 107
108 109
23 1
23 14
8 7
8 109
8 110
8 8
8 57
8 6
8 46
8 45
8 95
8 111
112 7
113 7
92 114
80 98
80 85
80 115
80 116
80 87
114 80
93 89
116 80
89 99
89 89
89 117
89 88
118 119
120 81
121 80
121 122
121 120
91 89
91 123
91 81
48 81
124 119
125 4
126 98
127 119
122 127
3 5
3 3
128 5
128 128
24 1
24 13
129 130
131 132
133 134
135 7
135 95
136 137
138 137
139 137
140 141
142 137
143 137
144 137
145 137
146 137
146 147
146 95
146 148
34 137
149 7
150 137
150 95
151 137
151 149
152 137
153 137
154 137
155 137
101 8
101 135
101 149
137 8
137 149
156 137
156 157
158 137
158 149
158 147
158 148
159 137
160 149
160 7
147 137
147 149
161 137
161 157
162 137
163 137
164 137
165 137
166 137
167 137
167 157
39 137
168 137
168 48
168 147
168 95
168 148
168 114
169 137
169 147
169 95
169 148
170 137
170 147
171 137
171 147
172 137
173 137
173 70
173 108
174 137
174 149
175 137
141 137
141 176
141 177
141 178
141 179
141 180
181 137
182 137
183 137
183 95
184 137
185 137
185 147
185 148
185 157
186 137
187 137
188 137
188 147
189 149
189 188
189 7
190 137
190 147
190 108
190 95
190 148
191 137
192 137
193 137
194 137
194 95
195 137
196 137
197 137
197 147
197 95
197 189
197 149
197 148
197 7
198 137
199 137
200 137
201 137
201 70
202 137
203 137
204 137
205 137
205 202
205 149
205 206
207 137
207 149
206 137
206 149
208 137
208 147
208 95
208 148
209 137
210 137
210 180
211 137
212 137
40 141
213 214
213 215
213 216
217 213
218 219
218 214
218 220
218 221
222 215
222 223
222 224
222 216
225 214
225 220
225 216
226 215
226 226
220 219
220 214
220 221
220 216
220 225
224 216
216 227
216 214
216 221
221 218
221 227
221 220
223 216
228 5
228 228
229 5
229 229
230 5
230 230
231 231
232 233
234 219
177 176
25 12
25 141
235 236
236 235
237 238
237 239
233 240
26 12
26 233
27 12
27 233
241 233
240 242
243 244
115 117
245 7
246 95
246 7
97 7
247 131
247 104
247 105
247 248
247 129
249 250
251 232
7 97
7 95
7 7
7 8
252 7
253 252
253 7
95 7
254 7
255 256
257 255
257 87
258 259
28 12
28 14
28 32
29 1
260 52
260 261
260 262
132 133
263 264
265 7
265 70
266 95
107 7
107 94
107 107
107 46
107 45
68 64
67 64
267 4
267 5
268 269
268 241
268 270
268 233
268 271
268 267
268 272
271 269
272 273
274 275
30 1
276 277
111 94
111 8
111 7
111 95
111 106
278 279
278 244
280 84
239 176
239 2
238 239
281 282
283 284
285 281
286 287
288 286
289 290
291 292
293 292
74 292
294 295
296 289
77 296
297 298
297 299
300 301
70 59
70 7
70 70
302 70
303 304
303 305
306 307
308 309
310 307
311 312
313 314
315 316
317 318
319 320
321 322
323 324
325 326
327 312
328 312
329 312
312 330
312 307
331 304
331 315
332 304
332 333
334 65
334 67
335 307
335 336
335 319
335 333
337 338
337 315
339 304
340 341
157 342
307 8
307 342
307 307
343 344
343 345
343 307
343 346
343 343
345 343
347 304
347 315
338 348
349 350
349 305
349 333
351 350
351 305
351 333
351 319
352 350
352 305
353 350
353 305
353 336
353 333
354 350
354 336
354 333
354 305
354 319
354 355
354 348
356 350
356 336
356 305
357 350
357 305
357 336
357 333
358 307
358 336
359 350
359 336
359 305
360 350
361 335
362 335
363 335
364 335
365 350
365 305
365 336
366 350
366 321
367 350
368 307
368 305
369 350
369 305
369 333
369 336
370 350
370 336
370 305
371 307
371 336
372 350
372 305
372 336
373 307
373 336
374 350
374 305
375 350
375 336
375 355
375 333
376 341
376 355
376 333
376 315
350 341
350 315
350 305
377 321
377 323
378 307
379 307
380 307
381 307
382 307
383 307
384 304
384 315
385 304
386 307
387 341
388 341
388 325
388 333
389 307
390 304
390 315
390 321
318 316
391 388
391 315
392 304
392 315
393 307
393 324
393 394
395 377
395 315
395 333
395 313
395 314
396 341
396 315
396 333
394 394
397 307
398 307
399 338
320 400
401 334
402 304
402 403
402 336
402 404
402 405
402 406
402 407
402 408
402 409
402 410
402 411
402 412
402 413
402 414
402 415
402 416
402 417
402 418
402 419
402 420
402 421
402 422
402 423
404 424
405 424
406 424
407 424
408 424
409 424
410 424
411 424
412 424
413 424
414 424
415 424
416 424
417 424
418 424
419 424
420 424
403 424
421 424
422 424
425 377
425 315
425 333
425 325
423 423
426 423
427 304
427 426
428 304
428 426
429 388
429 315
430 304
430 315
431 338
432 312
433 341
433 336
341 305
341 57
341 65
434 435
342 436
342 423
342 437
342 315
342 324
342 307
342 314
342 316
342 394
342 400
342 438
342 8
342 95
439 304
440 377
441 442
443 341
443 333
443 315
443 423
443 324
444 304
445 309
445 333
445 315
446 443
446 317
446 319
447 341
438 394
304 393
304 325
326 438
448 309
449 446
309 305
346 304
346 343
346 315
450 436
450 442
437 321
437 326
437 323
437 307
451 307
43 44
43 43
180 452
180 453
453 180
453 94
452 453
179 180
454 344
455 454
456 7
456 252
457 5
457 457
458 5
458 458
2 5
2 2
459 2
459 459
31 1
31 3
460 33
460 461
460 462
460 463
460 464
460 465
460 4
460 5
460 466
460 467
460 468
460 469
460 470
460 36
460 39
460 34
460 40
460 3
471 472
473 72
474 55
474 57
475 55
475 62
475 474
476 476
477 72
478 72
479 95
480 4
480 5
481 279
84 222
84 482
84 483
84 84
84 257
84 73
84 76
84 126
84 99
84 89
484 485
484 4
484 5
484 486
487 488
487 489
487 490
488 490
490 7
491 7
491 94
